$GPGSV,3,3,11,24,18,313,,20,13,061,15,26,08,224,13*4E
$GPRMC,222805.000,A,1912.6053,N,09610.4247,W,0.58,126.97,150713,,,D*71
$GPGGA,222806.000,1912.6054,N,09610.4248,W,2,6,1.38,3.3,M,-9.3,M,0000,0000*52
$GPGSA,A,3,09,02,28,17,26,20,,,,,,,1.63,1.38,0.87*02
$GPGSV,3,1,11,04,77,230,,51,64,210,,28,49,086,25,02,42,223,32*73
$GPGSV,3,2,11,17,42,014,17,09,33,178,25,10,25,160,,08,23,165,*71
$GPGSV,3,3,11,24,18,313,,20,13,061,17,26,08,224,12*4D
$GPRMC,222806.000,A,1912.6054,N,09610.4248,W,0.67,330.62,150713,,,D*79
$GPGGA,222807.000,1912.6060,N,09610.4252,W,2,6,1.38,3.3,M,-9.3,M,0000,0000*5F
$GPGSA,A,3,09,02,28,17,26,20,,,,,,,1.63,1.38,0.87*02
$GPGSV,3,1,11,04,77,230,,51,64,210,,28,49,086,25,02,42,223,32*73
$GPGSV,3,2,11,17,42,014,17,09,33,178,25,10,25,160,,08,23,165,*71
$GPGSV,3,3,11,24,18,313,,20,13,061,14,26,08,224,12*4E
$GPRMC,222807.000,A,1912.6060,N,09610.4252,W,0.69,327.99,150713,,,D*78
$GPGGA,222808.000,1912.6065,N,09610.4257,W,2,6,1.38,3.3,M,-9.3,M,0000,0000*50
$GPGSA,A,3,09,02,28,17,26,20,,,,,,,1.63,1.38,0.87*02
$GPGSV,3,1,11,04,77,230,,51,64,210,,28,49,086,25,02,42,223,32*73
$GPGSV,3,2,11,17,42,014,16,09,33,178,25,10,25,160,,08,23,165,*70
$GPGSV,3,3,11,24,18,313,,20,13,061,14,26,08,224,12*4E
$GPRMC,222808.000,A,1912.6065,N,09610.4257,W,0.73,327.39,150713,,,D*76
$GPGGA,222809.000,1912.6068,N,09610.4260,W,2,6,1.38,3.3,M,-9.3,M,0000,0000*58
$GPGSA,A,3,09,02,28,17,26,20,,,,,,,1.63,1.38,0.87*02
$GPGSV,3,1,11,04,77,230,,51,64,210,,28,49,086,25,02,42,223,32*73
$GPGSV,3,2,11,17,42,014,16,09,33,178,25,10,25,160,,08,23,165,*70
$GPGSV,3,3,11,24,18,313,,20,13,061,17,26,08,224,12*4D
$GPRMC,222809.000,A,1912.6068,N,09610.4260,W,0.71,325.18,150713,,,D*7D
$GPGGA,222810.000,1912.6070,N,09610.4263,W,2,6,1.38,3.3,M,-9.3,M,0000,0000*5A
